0007
0015
0022
0030
0038
0045
0046
0053
0061
0068
0076
0083
0091
0098
0099
0106
0107
0114
0122
0129
0137
0144
0152
0159
0160
0167
0175
0183
0190
0198
0205
0213
0220
0221
0228
0236
0244
0251
0259
0266
0274
0281
0282
0289
0297
0305
0312
0320
0327
0335
0342
0350
0358
0366
0373
0381
0388
0396
0403
0411
0419
0427
0434
0442
0449
0457
0464
0472
0480
0487
0488
0495
0503
0510
0518
0525
0533
0541
0548
0549
0556
0564
0571
0579
0586
0594
0601
0602
0609
0610
0617
0625
0632
0640
0647
0655
0662
0663
0670
0678
0686
0693
0701
0708
0716
0723
0724
0731
0739
0747
0754
0762
0769
0777
0784
0792
0800
0808
0815
0823
0830
0838
0845
0853
0861
0869
0876
0884
0891
0899
0906
0914
0922
0930
0937
0945
0952
0960
0967
0975
0983
0990
0991
0998
1006
1013
1021
1028
1036
1043
1044
1051
1052
1059
1067
1074
1082
1089
1097
1104
1105
1112
1120
1128
1135
1143
1150
1158
1165
1166
1173
1181
1189
1196
1204
1211
1219
1226
1234
1242
1250
1257
1265
1272
1280
1287
1295
1303
1311
1318
1326
1333
1341
1348
1356
1364
1372
1379
1387